<?xml version="1.0"?>
<opencv_storage>
<cM type_id="opencv-matrix">
  <rows>3</rows>
  <cols>3</cols>
  <dt>d</dt>
  <data>
    1.0474327489979589e+03 0. 9.3677758153223795e+02 0.
    1.0469098410143358e+03 5.9569157176743715e+02 0. 0. 1.</data></cM>
<dist type_id="opencv-matrix">
  <rows>1</rows>
  <cols>5</cols>
  <dt>d</dt>
  <data>
    4.1296033780713899e-02 4.5258018927446138e-03
    -5.0626619048396054e-04 -5.8050350878217775e-04
    -1.0739680495614765e-01</data></dist>
</opencv_storage>
