<?xml version="1.0"?>
<opencv_storage>
<cM type_id="opencv-matrix">
  <rows>3</rows>
  <cols>3</cols>
  <dt>d</dt>
  <data>
    4.6487976997443769e+02 0. 3.0724917767655120e+02 0.
    4.6487203599886595e+02 2.6628397171582509e+02 0. 0. 1.</data></cM>
<dist type_id="opencv-matrix">
  <rows>1</rows>
  <cols>5</cols>
  <dt>d</dt>
  <data>
    3.9072504385109133e-02 -4.1677387224189509e-03
    3.8735928607954849e-04 -2.1612938058927357e-03
    -7.0213068470331583e-02</data></dist>
</opencv_storage>
