<?xml version="1.0"?>
<opencv_storage>
<cM type_id="opencv-matrix">
  <rows>3</rows>
  <cols>3</cols>
  <dt>d</dt>
  <data>
    7.9311287811086856e+02 0. 9.4735143594929707e+02 0.
    7.9460366545635839e+02 5.8466315231657404e+02 0. 0. 1.</data></cM>
<dist type_id="opencv-matrix">
  <rows>1</rows>
  <cols>5</cols>
  <dt>d</dt>
  <data>
    5.6070275260020494e-02 -1.0344837977846891e-02
    5.6852560231714295e-04 3.5354410457941578e-03
    -1.1164176938886136e-01</data></dist>
</opencv_storage>
